<?xml version="1.0" encoding="UTF-8"?>
<document version="2.3.0">
  <chunk label="Chunk 1" enabled="true">
    <sensors next_id="1">
      <sensor id="0" label="unknown" type="equisolid_fisheye">
        <resolution width="3840" height="3840"/>
        <property name="layer_index" value="0"/>
        <bands>
          <band label="Red"/>
          <band label="Green"/>
          <band label="Blue"/>
        </bands>
        <data_type>uint8</data_type>
        <calibration type="equisolid_fisheye" class="initial">
          <resolution width="3840" height="3840"/>
          <f>1050</f>
        </calibration>
        <calibration type="equisolid_fisheye" class="adjusted">
          <resolution width="3840" height="3840"/>
          <f>1049.9268186384606</f>
          <cx>-0.053481903280599763</cx>
          <cy>-0.040449115818567277</cy>
          <k1>0.10190869149858893</k1>
          <k2>0.00079808296648272998</k2>
          <k3>-0.00031893309097734927</k3>
        </calibration>
        <fixed_calibration_params>b1 b2 k4 p1 p2</fixed_calibration_params>
        <covariance>
          <params>f cx cy k1 k2 k3</params>
          <coeffs>0.037081438693089074 -0.0017579451843673973 0.0098997153627730233 -6.8846853078436895e-05 5.4689349609141588e-05 -1.5373537021408411e-05 -0.0017579451843673973 0.023201408502380068 -0.0028377716824128053 8.5191164911373753e-07 -1.7602312901328185e-06 8.5163818032238258e-07 0.0098997153627730233 -0.0028377716824128053 0.090344502594865081 -7.4456026572479318e-07 -3.0290186670772958e-06 -2.8076515841913276e-07 -6.8846853078436895e-05 8.5191164911373753e-07 -7.4456026572479318e-07 2.2685842314524254e-07 -2.1285119353141396e-07 6.2270988958693421e-08 5.4689349609141588e-05 -1.7602312901328185e-06 -3.0290186670772958e-06 -2.1285119353141396e-07 2.2045603081815823e-07 -6.7823135910961764e-08 -1.5373537021408411e-05 8.5163818032238258e-07 -2.8076515841913276e-07 6.2270988958693421e-08 -6.7823135910961764e-08 2.1552815404676735e-08</coeffs>
        </covariance>
        <black_level>0 0 0</black_level>
        <sensitivity>1 1 1</sensitivity>
      </sensor>
    </sensors>
    <components next_id="4" active_id="3">
      <component id="3" label="Component 1">
        <region>
          <center>-2.1391866353707805 2.6794815679740807 9.3690246173464455</center>
          <size>80.605092875162768 55.023843256632489 52.861694971720375</size>
          <R>-0.35809010457247259 -0.17513898472070649 0.91711384955101172 0.92478811150387186 0.068761046103811993 0.37421767376730353 -0.1286018111395717 0.98213963089252732 0.13734380074074098</R>
        </region>
        <partition>
          <partition>
            <camera_ids>0 1 2 3 4 5 6 7 8 9 10 11 12 13 14 15 16 17 18 19 20 21 22 23 24 25 26 27 28 29 30 31 32 33 34 35 36 37 38 39 40 41 42 43 44 45 46 47 48 49 50 51 52 53 54 55 56 57 58 59 60 61 62 63 64 65 66 67 68 69 70 71 72 73 74 75 76 77 78 79 80 81 82 83 84 85 86 87 88 89 90 91 92 93 94 95 96 97 98 99 100 101 102 103 104 105 106 107 108 109 110 111 112 113 114 115 116 117 119</camera_ids>
          </partition>
          <partition>
            <camera_ids>118 120 121 122 123 124 125 126 127 128 129 130 131 132 133 134 135 136 137 138 139 140 141 142 143 144 145 146 147 148 149 150 151 152 153 154 155 156 157 158 159 160 161 162 163 164 165 166 167 168 169 170 171 172 173 174 175 176 177 178 179 180 181 182 183 184 185 186 187 188 189 190 191 192 193 194 195 196 197 198 199</camera_ids>
          </partition>
        </partition>
      </component>
    </components>
    <cameras next_id="200" next_group_id="0">
      <camera id="0" sensor_id="0" component_id="3" label="Osmo360_DualFisheye_0000000_X">
        <transform>0.99928963344780875 0.01022015052809846 -0.036273640662712672 -1.7737699110497609 0.0093150405110501797 -0.99964319649583844 -0.025034171043978981 -0.16181420360515708 -0.036516551097031155 0.02467849717395057 -0.99902828452112069 0.44818344204397209 0 0 0 1</transform>
      </camera>
      <camera id="1" sensor_id="0" component_id="3" label="Osmo360_DualFisheye_0000000_Y">
        <transform>-0.99972515740891943 0.0069868774394170313 0.022378408955021023 -1.7979963066130882 -0.0066235266816242564 -0.99984569871934825 0.016269838558370737 -0.16819753562099041 0.022488631305826765 0.016117142924979008 0.99961717630597291 0.63494047296270828 0 0 0 1</transform>
        <rotation_covariance>2.5021830396913895e-07 -2.0410306931233432e-08 6.743238467412134e-09 -2.0410306931233432e-08 1.5498765724087892e-07 9.4754495055250386e-09 6.743238467412134e-09 9.4754495055250419e-09 6.2438940911594409e-08</rotation_covariance>
        <location_covariance>7.6130663097188079e-06 -1.4103534172342001e-06 8.6461170794509825e-07 -1.4103534172342001e-06 8.7428959590089854e-06 9.8370426778182318e-07 8.6461170794509825e-07 9.8370426778182318e-07 8.8265368295239354e-06</location_covariance>
      </camera>
      <camera id="2" sensor_id="0" component_id="3" label="Osmo360_DualFisheye_0000001_X">
        <transform>0.90198315712229427 -0.006701468022746071 -0.43171920804388536 -2.086276936174785 -0.0022261228911491173 -0.99993843322457288 0.010870792853375832 -0.13677495649387825 -0.43176547875504451 -0.0088442120467348562 -0.90194254321918965 0.48388209008891264 0 0 0 1</transform>
        <rotation_covariance>1.3839151211193187e-07 2.1908984863666311e-08 -1.0362167234263354e-08 2.1908984863666308e-08 1.8073750222751644e-07 -3.4910616615754728e-08 -1.0362167234263337e-08 -3.4910616615754728e-08 5.9312033551925202e-08</rotation_covariance>
        <location_covariance>8.7528648256791047e-06 -2.9585137030052931e-06 2.6786078709528031e-07 -2.9585137030052931e-06 8.4980159212346258e-06 -1.929822227823388e-06 2.6786078709528031e-07 -1.929822227823388e-06 3.235092087200765e-06</location_covariance>
      </camera>
      <camera id="3" sensor_id="0" component_id="3" label="Osmo360_DualFisheye_0000001_Y">
        <transform>-0.90879949957366679 -0.01137147506733335 0.41707812113493303 -2.0422988676845284 0.0032439264658448261 -0.99979088833543417 -0.020190506247426358 -0.19177699379348256 0.41722050107315811 -0.016996151218326025 0.90864634722648085 0.66748556902779221 0 0 0 1</transform>
        <rotation_covariance>2.7610707966560701e-07 -1.9158147151738699e-09 -2.3641143418247646e-08 -1.9158147151738699e-09 1.5249740882623815e-07 2.5949069766599554e-08 -2.364114341824766e-08 2.5949069766599551e-08 7.4921997755322179e-08</rotation_covariance>
        <location_covariance>8.5556543582769517e-06 -6.7996882590102351e-07 2.5246267400436717e-06 -6.7996882590102351e-07 9.281909913555374e-06 2.1749048752262117e-06 2.5246267400436717e-06 2.1749048752262117e-06 1.1809889006280543e-05</location_covariance>
      </camera>
      <camera id="4" sensor_id="0" component_id="3" label="Osmo360_DualFisheye_0000002_X">
        <transform>0.82548160471463672 0.048000050001309851 -0.56238431297256186 -2.3293355061744747 0.026574374379277604 -0.99857760457218703 -0.04622304915540533 -0.18348042568205825 -0.56380308876778829 0.023211265513641829 -0.82558301475330542 0.22601137424500778 0 0 0 1</transform>
        <rotation_covariance>1.0957269829006687e-07 1.5925968497255833e-08 -9.4082031397065794e-09 1.5925968497255823e-08 1.6138555813378954e-07 -3.0722985519415177e-08 -9.408203139706576e-09 -3.0722985519415183e-08 6.2734270217092411e-08</rotation_covariance>
        <location_covariance>9.3126329554351926e-06 -1.5112756194514182e-06 1.3010422216240126e-06 -1.5112756194514182e-06 8.225620965826092e-06 -8.7022858912105604e-07 1.3010422216240126e-06 -8.7022858912105604e-07 3.2814641021069509e-06</location_covariance>
      </camera>
      <camera id="5" sensor_id="0" component_id="3" label="Osmo360_DualFisheye_0000002_Y">
        <transform>-0.83527519574025777 0.041717705528088386 0.54824718916429105 -2.2527031350023372 -0.025962473306033337 -0.99899774101621186 0.036461807749189112 -0.2398235979804236 0.54921880645231702 0.016221790590961738 0.83552112848755367 0.40449634410306529 0 0 0 1</transform>
        <rotation_covariance>2.8110507960456611e-07 -3.8005123036396183e-09 -2.8578130536379658e-08 -3.80051230363962e-09 1.656690367629492e-07 2.2168852190392371e-08 -2.8578130536379651e-08 2.2168852190392367e-08 9.5513086701164276e-08</rotation_covariance>
        <location_covariance>1.0090954555471535e-05 1.1473449362845048e-06 2.6587787951565102e-06 1.1473449362845048e-06 9.2451401471325385e-06 2.4239779081151981e-06 2.6587787951565102e-06 2.4239779081151981e-06 1.0371806387264904e-05</location_covariance>
      </camera>
      <camera id="6" sensor_id="0" component_id="3" label="Osmo360_DualFisheye_0000003_X">
        <transform>0.79253726407600378 0.057999353887816713 -0.60705910750067793 -2.5097516200805647 0.046153620304032167 -0.99831660441634773 -0.035125498992111398 -0.10126785460224295 -0.60807444312662529 -0.00017970867917876943 -0.79387999050299518 -0.23850637703266198 0 0 0 1</transform>
        <rotation_covariance>1.0620829320122215e-07 2.6127929302207282e-08 -1.4275670250580704e-08 2.6127929302207285e-08 1.7063771905123121e-07 -3.3372854627501453e-08 -1.4275670250580707e-08 -3.3372854627501446e-08 6.7942149602313851e-08</rotation_covariance>
        <location_covariance>1.1542605217243308e-05 -1.7327637311400099e-06 5.8727691445207785e-06 -1.7327637311400099e-06 7.2153297925363021e-06 -9.6529116987565497e-07 5.8727691445207785e-06 -9.6529116987565497e-07 8.9857788898716312e-06</location_covariance>
      </camera>
      <camera id="7" sensor_id="0" component_id="3" label="Osmo360_DualFisheye_0000003_Y">
        <transform>-0.80371274121136671 0.053692721533160959 0.59259001111128551 -2.4361332407412122 -0.046396074308512426 -0.99854316160010925 0.027549205259266907 -0.16679553958088486 0.59320589503415266 -0.0053522029128814097 0.80503299312556709 -0.093839267372506488 0 0 0 1</transform>
        <rotation_covariance>2.536761100518236e-07 -5.4402128305108855e-09 -4.8579876749548682e-08 -5.4402128305108855e-09 1.6521083299516589e-07 2.4924397766487727e-08 -4.8579876749548709e-08 2.4924397766487727e-08 9.4583066647662801e-08</rotation_covariance>
        <location_covariance>1.0910586941380522e-05 1.0517378280522073e-08 4.6039480779521937e-06 1.0517378280522073e-08 8.4429392837977623e-06 2.2004697298327356e-06 4.6039480779521937e-06 2.2004697298327356e-06 1.1821694311398133e-05</location_covariance>
      </camera>
      <camera id="8" sensor_id="0" component_id="3" label="Osmo360_DualFisheye_0000004_X">
        <transform>0.74583214430204181 0.007260486446721762 -0.66609436107985109 -2.8984206370536518 -0.019546088411030768 -0.99927150840181345 -0.032778086036139721 -0.062611775957378712 -0.66584710178361983 0.037466489466206815 -0.74514689774126597 -0.71107174498691206 0 0 0 1</transform>
        <rotation_covariance>1.3284967743552658e-07 3.3122954300703483e-08 -2.0920154052865954e-08 3.3122954300703476e-08 1.7603689286793259e-07 -2.8941855272994853e-08 -2.0920154052865938e-08 -2.894185527299486e-08 7.4938764630732309e-08</rotation_covariance>
        <location_covariance>2.0157723163978434e-05 -2.3187174264594682e-06 1.5829694237569532e-05 -2.3187174264594682e-06 6.8674787830294383e-06 -1.6251545105793744e-06 1.5829694237569532e-05 -1.6251545105793744e-06 2.0043671098898364e-05</location_covariance>
      </camera>
      <camera id="9" sensor_id="0" component_id="3" label="Osmo360_DualFisheye_0000004_Y">
        <transform>-0.75859836677265757 0.0020796706199053619 0.65155521093762203 -2.8159510830681356 0.019716221878816449 -0.99946369741105778 0.026145518779368885 -0.13404448622777801 0.65126015425840555 0.032680154949598292 0.75815052525721305 -0.60304575445727315 0 0 0 1</transform>
        <rotation_covariance>2.4176248511983306e-07 -3.4739162713268635e-09 -5.2195073214430863e-08 -3.4739162713268627e-09 1.6459511530116137e-07 2.0941376471939457e-08 -5.2195073214430849e-08 2.0941376471939454e-08 9.4261368421771345e-08</rotation_covariance>
        <location_covariance>1.675262109158169e-05 -6.5216724266520287e-07 1.1401036051248292e-05 -6.5216724266520287e-07 9.0487901697778861e-06 1.8082244976324193e-06 1.1401036051248292e-05 1.8082244976324193e-06 1.8822490090720916e-05</location_covariance>
      </camera>
      <camera id="10" sensor_id="0" component_id="3" label="Osmo360_DualFisheye_0000005_X">
        <transform>0.95903685316680587 0.039310761018465236 -0.280540511042629 -3.1816213926815577 0.047746646789343643 -0.99858777348103644 0.023296273834232939 -0.070089257405203692 -0.27922853003997289 -0.035736853839349436 -0.95955943291146939 -1.1142162126264428 0 0 0 1</transform>
        <rotation_covariance>1.0373441327911126e-07 2.1019233541525398e-08 -9.2090546067229079e-09 2.1019233541525391e-08 1.5199384622861369e-07 -2.1394730874347233e-08 -9.2090546067229079e-09 -2.1394730874347229e-08 5.5725128110121912e-08</rotation_covariance>
        <location_covariance>2.4492175862518364e-05 -2.7805884920223429e-06 2.1971365787279647e-05 -2.7805884920223429e-06 6.947743610695398e-06 -2.2660279754034934e-06 2.1971365787279647e-05 -2.2660279754034934e-06 2.7924937898424841e-05</location_covariance>
      </camera>
      <camera id="11" sensor_id="0" component_id="3" label="Osmo360_DualFisheye_0000005_Y">
        <transform>-0.9647214503216559 0.033654415739198355 0.26111281774461714 -3.1484966395676168 -0.043582719733157388 -0.9985267502820957 -0.032324534207603416 -0.15834356552517737 0.25964027004673507 -0.042564178276229526 0.96476692568605804 -0.98490455281448586 0 0 0 1</transform>
        <rotation_covariance>3.5055916096283888e-07 -8.9829271663506881e-09 3.6474999581468501e-08 -8.9829271663506914e-09 1.9246469325292019e-07 1.8888417089997708e-08 3.6474999581468534e-08 1.8888417089997705e-08 9.9179971342214671e-08</rotation_covariance>
        <location_covariance>2.4583614243997539e-05 -4.8291056284198532e-07 1.8979199358578202e-05 -4.8291056284198532e-07 1.3337730467652868e-05 4.4865141886027609e-06 1.8979199358578202e-05 4.4865141886027609e-06 2.9401936246749861e-05</location_covariance>
      </camera>
      <camera id="12" sensor_id="0" component_id="3" label="Osmo360_DualFisheye_0000006_X">
        <transform>0.9581490400141528 0.12269579270781902 0.25864291904430248 -2.7265707976727342 0.12121069968968411 -0.99238861069747042 0.021744232308402972 -0.17463113217699977 0.2593422129170162 0.010516073875001253 -0.96572823754385506 -1.6132471312952519 0 0 0 1</transform>
        <rotation_covariance>1.5276782006712947e-07 7.923215352024351e-08 -2.6491443679448757e-08 7.9232153520243497e-08 2.3834189911956887e-07 -3.6645442395046509e-08 -2.6491443679448747e-08 -3.6645442395046502e-08 1.0187336475619885e-07</rotation_covariance>
        <location_covariance>1.7234454880553541e-05 -2.2308473003044227e-06 1.9376733754911955e-05 -2.2308473003044227e-06 1.2745939787245539e-05 -1.6630798196081235e-06 1.9376733754911955e-05 -1.6630798196081235e-06 4.4934100271120265e-05</location_covariance>
      </camera>
      <camera id="13" sensor_id="0" component_id="3" label="Osmo360_DualFisheye_0000006_Y">
        <transform>-0.95367014861554544 0.1180944841970962 -0.27670731909695756 -2.8117106015483988 -0.11449578989710715 -0.99299490749168484 -0.029186089005168614 -0.22458543427460789 -0.27821567485575144 0.0038479212312515498 0.96051092225271284 -1.4866843272312735 0 0 0 1</transform>
        <rotation_covariance>2.4171046175008922e-07 -2.4375262934716311e-08 4.491431044260767e-08 -2.4375262934716315e-08 1.8215089844811034e-07 -5.9415156370536769e-09 4.4914310442607664e-08 -5.9415156370536769e-09 8.2376756852973254e-08</rotation_covariance>
        <location_covariance>1.7514521039485566e-05 -6.8797741595897845e-07 1.7397536511512879e-05 -6.8797741595897845e-07 1.0969325921141602e-05 6.2168853481007894e-07 1.7397536511512879e-05 6.2168853481007894e-07 4.1396317470729645e-05</location_covariance>
      </camera>
      <camera id="14" sensor_id="0" component_id="3" label="Osmo360_DualFisheye_0000007_X">
        <transform>0.58811510923335331 0.12374094844332501 0.7992551507308463 -2.0371009828376532 0.092628000832988583 -0.99202929441678989 0.085427937354298961 -0.24746603187372959 0.80345545723028411 0.023791946058963419 -0.59488929352409958 -1.7609693194169889 0 0 0 1</transform>
        <rotation_covariance>2.9341882547507268e-07 -6.7555619341596736e-09 -3.9967516088050923e-08 -6.7555619341596761e-09 3.8155903392169257e-07 1.1137244485734135e-08 -3.9967516088050943e-08 1.1137244485734138e-08 1.287556909772428e-07</rotation_covariance>
        <location_covariance>1.7530478554782349e-05 -2.6534959135424496e-06 4.4034247047334991e-06 -2.6534959135424496e-06 2.0572027999166512e-05 -3.6855775311012609e-06 4.4034247047334991e-06 -3.6855775311012609e-06 5.7672516312729386e-05</location_covariance>
      </camera>
      <camera id="15" sensor_id="0" component_id="3" label="Osmo360_DualFisheye_0000007_Y">
        <transform>-0.57292424388532082 0.12099669022125768 -0.81062791200644801 -2.3039040225260767 -0.084774624421895345 -0.99248652569606743 -0.088225616268039736 -0.20226556788238131 -0.81521228758070108 0.018174082294568905 0.57887704127058848 -1.7208348551933685 0 0 0 1</transform>
        <rotation_covariance>2.7615863717866549e-07 -2.7585958972762782e-09 3.7687903465489317e-08 -2.7585958972762782e-09 3.7004463571860632e-07 -3.9851651100549713e-10 3.7687903465489317e-08 -3.9851651100550002e-10 1.6746626419148853e-07</rotation_covariance>
        <location_covariance>3.5568515180816168e-05 -3.6382933195131054e-06 3.2548606768059604e-06 -3.6382933195131054e-06 1.0053146842084945e-05 1.7603087789692835e-07 3.2548606768059604e-06 1.7603087789692835e-07 5.5863411762248352e-05</location_covariance>
      </camera>
      <camera id="16" sensor_id="0" component_id="3" label="Osmo360_DualFisheye_0000008_X">
        <transform>-0.23074259646762596 0.13647584402680249 0.9633961792391279 -1.5839916751079814 0.023494673759514497 -0.98904443800157538 0.14573640575738667 -0.16632276451399178 0.97273113164960046 0.05626227559670495 0.22500822621488309 -1.741288357511094 0 0 0 1</transform>
        <rotation_covariance>2.6793310495182953e-07 1.7065148613074104e-08 -1.9464746128180134e-08 1.7065148613074108e-08 2.0253049064250973e-07 2.4104316698093232e-08 -1.9464746128180137e-08 2.4104316698093238e-08 1.4655053048853064e-07</rotation_covariance>
        <location_covariance>1.2100432497602623e-05 1.2180268159727271e-06 -2.5697317389994585e-06 1.2180268159727271e-06 1.0426044202734343e-05 -1.8613985267857245e-06 -2.5697317389994585e-06 -1.8613985267857245e-06 5.5303190339238385e-05</location_covariance>
      </camera>
      <camera id="17" sensor_id="0" component_id="3" label="Osmo360_DualFisheye_0000008_Y">
        <transform>0.21536830219143588 0.14054362302934331 -0.9663663820916808 -1.7797034282351674 -0.020634193632392314 -0.98871328753858179 -0.1483922676482537 -0.1256818860896759 -0.97631486952945645 0.051899181789655621 -0.21003749775991168 -1.8248934401592607 0 0 0 1</transform>
        <rotation_covariance>1.1521328883528881e-07 -5.4221320440501664e-09 1.8993034241177181e-08 -5.4221320440501697e-09 4.0192463113252371e-07 -6.4388740665236772e-08 1.8993034241177174e-08 -6.4388740665236799e-08 1.3543818529250465e-07</rotation_covariance>
        <location_covariance>1.0222015491198651e-05 3.573116959650545e-06 -1.7398084785165989e-06 3.573116959650545e-06 1.1458656666855433e-05 -4.4805896574592723e-06 -1.7398084785165989e-06 -4.4805896574592723e-06 5.7433307968813595e-05</location_covariance>
      </camera>
      <camera id="18" sensor_id="0" component_id="3" label="Osmo360_DualFisheye_0000009_X">
        <transform>-0.7083016896416735 0.09963551417338587 0.69884295858665912 -1.2988648002511138 0.011543992145683024 -0.98822167863238575 0.15259308675798636 -0.096000258953307813 0.70581545229336706 0.11614937880331028 0.69880889312280103 -1.1434552097320922 0 0 0 1</transform>
        <rotation_covariance>3.0938990803347207e-07 -1.4071947904199636e-08 -5.3214568279549948e-08 -1.4071947904199639e-08 2.0103442677198766e-07 1.6474444975868235e-08 -5.3214568279549948e-08 1.6474444975868232e-08 2.5687590000954602e-07</rotation_covariance>
        <location_covariance>1.2414214985479019e-05 2.661259834368027e-06 -9.1586624427114026e-06 2.661259834368027e-06 1.1125805461212364e-05 6.7575207319408029e-08 -9.1586624427114026e-06 6.7575207319408029e-08 3.6349056220070537e-05</location_covariance>
      </camera>
      <camera id="19" sensor_id="0" component_id="3" label="Osmo360_DualFisheye_0000009_Y">
        <transform>0.70097703522685617 0.10734722378581021 -0.70505869942157695 -1.4340448166245252 -0.0088504871668629165 -0.98722173544976277 -0.15910661184396935 -0.073340599647134894 -0.71312892590433852 0.1177701940264914 -0.69106969000057195 -1.3161930777166921 0 0 0 1</transform>
        <rotation_covariance>9.3926706723347512e-08 3.1397659324653337e-08 -2.5147766047414958e-08 3.1397659324653337e-08 1.7882598226319204e-07 -3.6906313406420328e-08 -2.5147766047414978e-08 -3.6906313406420335e-08 8.9576984922244368e-08</rotation_covariance>
        <location_covariance>5.6035142110738255e-06 2.7915623825769048e-07 -5.6811360066000416e-06 2.7915623825769048e-07 5.2467676048555686e-06 -1.8788071990416684e-06 -5.6811360066000416e-06 -1.8788071990416684e-06 3.8097365173954577e-05</location_covariance>
      </camera>
      <camera id="20" sensor_id="0" component_id="3" label="Osmo360_DualFisheye_0000010_X">
        <transform>-0.87570773075776043 0.11044868494084002 0.47003942205514238 -1.2116491066071158 -0.019009536715765066 -0.98061755460362521 0.19500730529151322 0.054525745140584801 0.4824672090463199 0.1618341731466032 0.86083395181475597 -0.39431448825476439 0 0 0 1</transform>
        <rotation_covariance>2.6950665178518785e-07 -1.5312291319045589e-08 -5.5783662795131926e-08 -1.5312291319045582e-08 1.6582673353078301e-07 9.836396256056356e-11 -5.57836627951319e-08 9.8363962560561078e-11 8.469053591870429e-08</rotation_covariance>
        <location_covariance>8.3474044259254879e-06 1.477676545417216e-06 -3.9485168153983521e-06 1.477676545417216e-06 8.5629884164922917e-06 -5.1017316405131419e-08 -3.9485168153983521e-06 -5.1017316405131419e-08 1.6142533765614663e-05</location_covariance>
      </camera>
      <camera id="21" sensor_id="0" component_id="3" label="Osmo360_DualFisheye_0000010_Y">
        <transform>0.86951302552412546 0.1203072672622123 -0.47903367302078004 -1.2967198443711878 0.021973128021512245 -0.97834266164700012 -0.20582229725278395 0.032916382542918322 -0.49342099680580187 0.16843930018069286 -0.85332521471348022 -0.59657224673180476 0 0 0 1</transform>
        <rotation_covariance>8.0713121989598523e-08 3.3122362201878478e-08 -1.2685446977139191e-08 3.3122362201878484e-08 1.5525160164382188e-07 -2.0680252397794195e-08 -1.2685446977139197e-08 -2.0680252397794195e-08 5.6869339560574428e-08</rotation_covariance>
        <location_covariance>6.1852632933779008e-06 8.066624135791148e-07 -5.224940351406642e-06 8.066624135791148e-07 5.1485876275837948e-06 -2.6594263753519062e-06 -5.224940351406642e-06 -2.6594263753519062e-06 1.4408680588373485e-05</location_covariance>
      </camera>
      <camera id="22" sensor_id="0" component_id="3" label="Osmo360_DualFisheye_0000011_X">
        <transform>-0.95529349212844439 0.13459875343113181 0.26324422020592719 -0.94874359444916201 -0.081492937816913844 -0.97574542238090067 0.20317423997319822 0.17730849089217918 0.28420634226387326 0.17263848434663576 0.94309209981819209 0.48434673535875089 0 0 0 1</transform>
        <rotation_covariance>2.8523376434858801e-07 -2.3224743247787536e-08 -2.1658057179697672e-08 -2.322474324778753e-08 1.5435161841065991e-07 1.5089134620895625e-09 -2.1658057179697665e-08 1.50891346208956e-09 5.0987073077245678e-08</rotation_covariance>
        <location_covariance>1.2002726791501944e-05 2.9436992111577375e-06 1.5137712406523823e-06 2.9436992111577375e-06 1.0148361387472587e-05 2.3966784709033228e-06 1.5137712406523823e-06 2.3966784709033228e-06 1.1639748449566734e-05</location_covariance>
      </camera>
      <camera id="23" sensor_id="0" component_id="3" label="Osmo360_DualFisheye_0000011_Y">
        <transform>0.95175611962288431 0.14408555466185508 -0.27092368242399145 -0.97448566209151899 0.085530197850387055 -0.97247849036966494 -0.21672602756478401 0.12702021166589647 -0.29469454358040609 0.18309816685626168 -0.93788602040856373 0.28520507439881393 0 0 0 1</transform>
        <rotation_covariance>6.9499617361655124e-08 2.6661212377581931e-08 -6.4658649193875698e-09 2.6661212377581928e-08 1.073398250486685e-07 -1.1359472337052771e-08 -6.4658649193875665e-09 -1.1359472337052767e-08 4.3502323867634339e-08</rotation_covariance>
        <location_covariance>9.968029723341032e-06 1.8838172413039756e-06 -2.0164914651122149e-06 1.8838172413039756e-06 5.2000669817552755e-06 -1.4458345422689157e-06 -2.0164914651122149e-06 -1.4458345422689157e-06 2.3391269603107876e-06</location_covariance>
      </camera>
      <camera id="24" sensor_id="0" component_id="3" label="Osmo360_DualFisheye_0000012_X">
        <transform>-0.96437400260648798 0.11776055714321754 0.2368865430497489 -0.72152090439986871 -0.083771227982132768 -0.98531530895633757 0.14878213366745952 0.19367010062691295 0.25092860430629904 0.12363734515750063 0.96007741480741904 1.5827590851834066 0 0 0 1</transform>
        <rotation_covariance>2.4195340564254869e-07 -2.2871723565043227e-08 -2.1193155702036302e-08 -2.2871723565043227e-08 1.510432465451106e-07 4.3406101840679923e-09 -2.1193155702036308e-08 4.340610184067994e-09 5.3053648097047529e-08</rotation_covariance>
        <location_covariance>1.6057024209696448e-05 3.7029795893403403e-06 1.0761709700270352e-05 3.7029795893403403e-06 9.70063916897001e-06 4.4193162667472301e-06 1.0761709700270352e-05 4.4193162667472301e-06 1.9934101799608645e-05</location_covariance>
      </camera>
      <camera id="25" sensor_id="0" component_id="3" label="Osmo360_DualFisheye_0000012_Y">
        <transform>0.96186469754681192 0.12550078672414239 -0.24303468095068587 -0.74358029766306888 0.087449414920845847 -0.98298959333019664 -0.16150560124817748 0.15912917091358589 -0.25916964220985084 0.13409329564208256 -0.95647795825134552 1.3636374107757789 0 0 0 1</transform>
        <rotation_covariance>7.7981225152578107e-08 2.2181220737560823e-08 -1.0788653388118568e-08 2.218122073756083e-08 1.0101629636722402e-07 -1.1518049129714589e-08 -1.0788653388118563e-08 -1.1518049129714592e-08 4.0902284243678477e-08</rotation_covariance>
        <location_covariance>1.455013232430174e-05 2.8192801358377354e-06 8.5939824124931226e-06 2.8192801358377354e-06 6.5092786726909961e-06 1.5909898708408022e-06 8.5939824124931226e-06 1.5909898708408022e-06 1.0827835363768625e-05</location_covariance>
      </camera>
      <camera id="26" sensor_id="0" component_id="3" label="Osmo360_DualFisheye_0000013_X">
        <transform>-0.97782995764511527 0.10234814302348891 0.18268396632270503 -0.68593008608339634 -0.07437761639359565 -0.98528452479625095 0.15389079042175749 0.34946838137135394 0.19574612157424445 0.13689142711166935 0.97105313607030375 2.643224870994354 0 0 0 1</transform>
        <rotation_covariance>2.3294892244953461e-07 -2.4974065091680782e-08 -1.4058209987412693e-08 -2.4974065091680782e-08 1.5697630038286799e-07 1.8705031996938252e-09 -1.4058209987412698e-08 1.8705031996938219e-09 4.8208961814529788e-08</rotation_covariance>
        <location_covariance>1.7365062960045371e-05 5.4402971839047268e-06 2.1947397954321011e-05 5.4402971839047268e-06 1.1420533301628252e-05 1.0837716455199397e-05 2.1947397954321011e-05 1.0837716455199397e-05 5.2971636820354491e-05</location_covariance>
      </camera>
      <camera id="27" sensor_id="0" component_id="3" label="Osmo360_DualFisheye_0000013_Y">
        <transform>0.97613035116064251 0.1105766762316972 -0.1869286928658892 -0.6919211976886529 0.079267026741911675 -0.98270012282762065 -0.16738341335412055 0.29557163139950321 -0.20220355094433079 0.14857074835959366 -0.96800850033322217 2.4159803966871554 0 0 0 1</transform>
        <rotation_covariance>9.9218747400722531e-08 1.9535581674442621e-08 -1.4677208775702329e-08 1.9535581674442615e-08 1.0823483266214363e-07 -8.2006480240415797e-09 -1.4677208775702324e-08 -8.2006480240415814e-09 3.946753633927923e-08</rotation_covariance>
        <location_covariance>1.631485709936095e-05 4.1955537792728423e-06 1.9718085762247557e-05 4.1955537792728423e-06 8.8961669966915463e-06 6.8010766077441798e-06 1.9718085762247557e-05 6.8010766077441798e-06 4.0583411811830622e-05</location_covariance>
      </camera>
      <camera id="28" sensor_id="0" component_id="3" label="Osmo360_DualFisheye_0000014_X">
        <transform>-0.98752563362093704 0.078877994133651888 0.13627686884801044 -0.49545258305812179 -0.057539213841942188 -0.98639752739134157 0.15397778030189119 0.41245585076182073 0.14656862492367709 0.14421574115781388 0.97863142101114042 3.81994781564272 0 0 0 1</transform>
        <rotation_covariance>2.5236129997638591e-07 -2.9087870064420281e-08 -5.3854849213720961e-09 -2.9087870064420271e-08 1.67950156743106e-07 -1.6413976308372393e-09 -5.3854849213720961e-09 -1.6413976308372376e-09 5.002555614862116e-08</rotation_covariance>
        <location_covariance>2.30570509124651e-05 6.9722983095395412e-06 3.9307745329840592e-05 6.9722983095395412e-06 1.5899361789016244e-05 1.7979040008197274e-05 3.9307745329840592e-05 1.7979040008197274e-05 0.00011352528193500297</location_covariance>
      </camera>
      <camera id="29" sensor_id="0" component_id="3" label="Osmo360_DualFisheye_0000014_Y">
        <transform>0.98641903711810697 0.086507398209022798 -0.13962074797855445 -0.48545733977328526 0.062610449264354023 -0.98391892471356268 -0.16728263876870883 0.34512106629345468 -0.15184668206418345 0.15626906170324351 -0.97597262538479335 3.5683439956154284 0 0 0 1</transform>
        <rotation_covariance>1.1638353388031932e-07 1.2743699331444586e-08 -1.3374486190742195e-08 1.2743699331444583e-08 1.1869639579708884e-07 -4.6280783490385228e-09 -1.3374486190742199e-08 -4.6280783490385195e-09 3.8418502267221109e-08</rotation_covariance>
        <location_covariance>2.2306473287447024e-05 5.6279877214245422e-06 3.7282326860543853e-05 5.6279877214245422e-06 1.0932013486347011e-05 1.250781125649197e-05 3.7282326860543853e-05 1.250781125649197e-05 9.6257091120445577e-05</location_covariance>
      </camera>
      <camera id="30" sensor_id="0" component_id="3" label="Osmo360_DualFisheye_0000015_X">
        <transform>-0.96101182623001069 0.088300987912273615 0.26202901629357273 -0.27485315187960896 -0.049932959654240217 -0.98747934970731077 0.14963700558950691 0.44310992608220351 0.27196133803581152 0.13071904771433493 0.95338846289349866 4.9621865104400049 0 0 0 1</transform>
        <rotation_covariance>2.840106007848148e-07 -1.5879159109833135e-08 -2.3103213309958952e-08 -1.5879159109833132e-08 1.859561865030199e-07 2.4900309968684607e-09 -2.3103213309958942e-08 2.4900309968684582e-09 5.6528433785938946e-08</rotation_covariance>
        <location_covariance>3.0367084311233568e-05 8.2125973358127426e-06 6.0642773522286574e-05 8.2125973358127426e-06 2.0810679325032318e-05 2.5566219687313041e-05 6.0642773522286574e-05 2.5566219687313041e-05 0.00019436468891750414</location_covariance>
      </camera>
      <camera id="31" sensor_id="0" component_id="3" label="Osmo360_DualFisheye_0000015_Y">
        <transform>0.95950697435587062 0.096002472513537843 -0.26482048907463573 -0.27730326841548719 0.053901119742557506 -0.98533306942072851 -0.16190556382170471 0.39329428070901129 -0.2764797197859914 0.14107539678205069 -0.9506085929392003 4.6903353688907652 0 0 0 1</transform>
        <rotation_covariance>1.1596659943941059e-07 1.9751686202480079e-08 -2.0379433279067855e-08 1.9751686202480079e-08 1.2541846935611449e-07 -7.3077455250471116e-09 -2.0379433279067851e-08 -7.3077455250471083e-09 4.6414241278483107e-08</rotation_covariance>
        <location_covariance>2.9391017754555191e-05 7.3170385683460042e-06 5.7810238153332399e-05 7.3170385683460042e-06 1.3621456253272798e-05 1.9672870398638019e-05 5.7810238153332399e-05 1.9672870398638019e-05 0.00017142129852567897</location_covariance>
      </camera>
      <camera id="32" sensor_id="0" component_id="3" label="Osmo360_DualFisheye_0000016_X">
        <transform>-0.91027261250374947 0.16489683316066231 0.37975361135765884 0.039292060669012779 -0.11620133065740125 -0.98214718514920418 0.14793294919301839 0.54146296740961852 0.39736761528721537 0.09053143717559968 0.91318291552343012 6.0628059847899403 0 0 0 1</transform>
        <rotation_covariance>2.738785874606734e-07 -1.4531752407240383e-08 -4.1519748615647239e-08 -1.4531752407240389e-08 2.1011621033651022e-07 6.3112022774822406e-09 -4.1519748615647266e-08 6.3112022774822489e-09 6.6528538102836726e-08</rotation_covariance>
        <location_covariance>4.1597670313334964e-05 1.1428126355853328e-05 9.0383727710199125e-05 1.1428126355853328e-05 2.3488311529104159e-05 3.4923326287142281e-05 9.0383727710199125e-05 3.4923326287142281e-05 0.00029250311813886848</location_covariance>
      </camera>
      <camera id="33" sensor_id="0" component_id="3" label="Osmo360_DualFisheye_0000016_Y">
        <transform>0.90672315588040475 0.17217965024231344 -0.38497699493958581 0.028330062583496483 0.11844021093258736 -0.98008635388998455 -0.1593821048702774 0.50681547184853559 -0.40475305437330983 0.098918688634001495 -0.90905998592744464 5.80777565393781 0 0 0 1</transform>
        <rotation_covariance>1.1080815051122405e-07 1.536529095079923e-08 -2.1234815515270777e-08 1.5365290950799227e-08 1.4598197628155241e-07 -1.436828144338476e-08 -2.123481551527077e-08 -1.4368281443384757e-08 5.3154685443275447e-08</rotation_covariance>
        <location_covariance>4.1324792253618977e-05 1.0627238620953212e-05 8.7980621488671068e-05 1.0627238620953212e-05 1.7504053839458584e-05 3.080087272832158e-05 8.7980621488671068e-05 3.080087272832158e-05 0.0002718267771698341</location_covariance>
      </camera>
      <camera id="34" sensor_id="0" component_id="3" label="Osmo360_DualFisheye_0000017_X">
        <transform>-0.82548605445020407 0.21351295103736173 0.52247965859691736 0.76317630664668878 -0.12609953104558941 -0.97205618882221345 0.19800422733496192 0.6851464129338205 0.55015605256901123 0.097565288457267751 0.82934271101272306 6.751110613474304 0 0 0 1</transform>
        <rotation_covariance>3.0071257728389561e-07 2.0234369268598531e-08 -6.9058035874764505e-08 2.0234369268598551e-08 3.9325738985189181e-07 -1.5782607094203107e-08 -6.9058035874764505e-08 -1.5782607094203104e-08 1.3746499153976374e-07</rotation_covariance>
        <location_covariance>0.00015435287496540893 1.5634028223991307e-05 0.00012409699101324472 1.5634028223991307e-05 3.3576905482308218e-05 4.446926389213612e-05 0.00012409699101324472 4.446926389213612e-05 0.00036664043512842483</location_covariance>
      </camera>
      <camera id="35" sensor_id="0" component_id="3" label="Osmo360_DualFisheye_0000017_Y">
        <transform>0.81754880896646664 0.22147511311255311 -0.53156628865014832 0.60917235285590876 0.12835623190542825 -0.96994569808002362 -0.2067124101429233 0.64814263631253133 -0.56137208933874772 0.10076763889184856 -0.82140566120742753 6.6166910884777312 0 0 0 1</transform>
        <rotation_covariance>1.0921930083799451e-07 9.3179510677598717e-09 -2.7361985501227361e-08 9.3179510677598783e-09 1.7862451486444552e-07 -1.61151419833348e-08 -2.7361985501227368e-08 -1.61151419833348e-08 7.0432932565748841e-08</rotation_covariance>
        <location_covariance>6.6747328529526571e-05 1.7527139989216989e-05 0.00013323702821574289 1.7527139989216989e-05 2.3080454370100239e-05 4.3661143325468817e-05 0.00013323702821574289 4.3661143325468817e-05 0.00035819623385630034</location_covariance>
      </camera>
      <camera id="36" sensor_id="0" component_id="3" label="Osmo360_DualFisheye_0000018_X">
        <transform>-0.49280741687816798 0.20889018060028566 0.84469269105317135 1.3475855064384745 -0.025732331010590553 -0.97383075134615527 0.22581300864508219 0.75291992776565742 0.86975783814268082 0.089546413559463356 0.48528624831949269 7.2235516813543832 0 0 0 1</transform>
        <rotation_covariance>5.6577471308501163e-07 -2.5858051574136542e-07 1.5598386420083436e-07 -2.5858051574136547e-07 7.2723617423467147e-07 -1.4211017636027424e-07 1.5598386420083433e-07 -1.4211017636027421e-07 6.2091319591410045e-07</rotation_covariance>
        <location_covariance>0.00015649389244234887 1.7916548837591378e-05 0.00014358625914789362 1.7916548837591378e-05 0.00011451096593992355 2.5638289700268346e-05 0.00014358625914789362 2.5638289700268346e-05 0.00048659725760327412</location_covariance>
      </camera>
      <camera id="37" sensor_id="0" component_id="3" label="Osmo360_DualFisheye_0000018_Y">
        <transform>0.48237105000537883 0.21369956357699144 -0.849500245228753 1.0724036031705466 0.029473055509570363 -0.97319603796319476 -0.22808071091539178 0.68990145123485436 -0.87547102128833354 0.08498216412721013 -0.47573997379305649 7.2220739557434275 0 0 0 1</transform>
        <rotation_covariance>1.1674299644233142e-07 2.5707229447566171e-08 -2.3440970068411127e-08 2.5707229447566171e-08 2.2905841793344406e-07 -1.2331687539908484e-08 -2.3440970068411101e-08 -1.2331687539908481e-08 1.3211419584499306e-07</rotation_covariance>
        <location_covariance>9.1551132080048197e-05 2.0907110190889838e-05 0.00017615351441002911 2.0907110190889838e-05 2.6797754780319247e-05 4.9763354227208463e-05 0.00017615351441002911 4.9763354227208463e-05 0.00043944152728856957</location_covariance>
      </camera>
      <camera id="38" sensor_id="0" component_id="3" label="Osmo360_DualFisheye_0000019_X">
        <transform>0.016269306975489561 0.20296543685382012 0.97905073468808301 1.7413676387707053 -0.00063072516284149371 -0.97917805496586452 0.20300231244750755 0.80013217640836343 0.99986744713302167 -0.0039202188720090011 -0.015802532951691758 7.3571239433363207 0 0 0 1</transform>
        <rotation_covariance>1.2454724750463795e-06 -2.2009253062311973e-07 3.3665573090735378e-08 -2.2009253062311976e-07 1.8303951522755246e-06 2.6680222139186645e-09 3.3665573090735378e-08 2.6680222139186674e-09 5.7498647789228766e-07</rotation_covariance>
        <location_covariance>0.00018032812383220333 1.994362722572517e-05 0.00020301564890505991 1.994362722572517e-05 0.00013765011189583611 3.8568477099056138e-05 0.00020301564890505991 3.8568477099056138e-05 0.00051970252879729938</location_covariance>
      </camera>
      <camera id="39" sensor_id="0" component_id="3" label="Osmo360_DualFisheye_0000019_Y">
        <transform>-0.025878195947595994 0.20515295955358917 -0.97838774632601633 1.500204143577851 0.0049417843977259427 -0.97867730255577057 -0.20534438445968572 0.76202949049252644 -0.99965288862757973 -0.010148923517506403 0.024312581310333758 7.4480426332311787 0 0 0 1</transform>
        <rotation_covariance>1.5579046534919191e-07 -2.5224594996467935e-08 4.2416681039566017e-08 -2.5224594996467941e-08 2.614246003026826e-07 -5.6696847634196658e-08 4.2416681039566017e-08 -5.6696847634196652e-08 1.9202679263538947e-07</rotation_covariance>
        <location_covariance>0.0001242336139839946 2.6825298027075506e-05 0.00019717472451300815 2.6825298027075506e-05 4.8689321661171929e-05 6.9642075832401321e-05 0.00019717472451300815 6.9642075832401321e-05 0.00049862951511236032</location_covariance>
      </camera>
      <camera id="40" sensor_id="0" component_id="3" label="Osmo360_DualFisheye_0000020_X">
        <transform>0.54436115168820454 0.14256361571509768 0.82664777989596627 2.046094390371711 -0.0027466600631648463 -0.9851442978341296 0.17170663441869821 0.8090056749302913 0.83884646532675422 -0.095740941708012062 -0.53588271075830929 7.1063306758230302 0 0 0 1</transform>
