<?xml version="1.0" encoding="UTF-8"?>
<document version="2.3.0">
  <chunk label="unknown" enabled="true">
    <sensors next_id="10">
      <sensor id="0" label="unknown" type="frame">
        <resolution width="1600" height="1600"/>
        <property name="fixed" value="true"/>
        <property name="layer_index" value="0"/>
        <bands>
          <band label="Red"/>
          <band label="Green"/>
          <band label="Blue"/>
        </bands>
        <data_type>uint8</data_type>
        <calibration type="frame" class="initial">
          <resolution width="1600" height="1600"/>
          <f>755.55556000000001</f>
        </calibration>
        <black_level>0 0 0</black_level>
        <sensitivity>1 1 1</sensitivity>
      </sensor>
      <sensor id="1" label="unknown" type="frame" master_id="0">
        <resolution width="1600" height="1600"/>
        <property name="fixed" value="true"/>
        <property name="layer_index" value="0"/>
        <bands>
          <band label="Red"/>
          <band label="Green"/>
          <band label="Blue"/>
        </bands>
        <data_type>uint8</data_type>
        <calibration type="frame" class="initial">
          <resolution width="1600" height="1600"/>
          <f>755.55556000000001</f>
        </calibration>
        <rotation>1 1.7453292519943295e-11 1.7453292519943295e-11 -2.3841685560428086e-11 0.86602191310483012 0.50000604598569609 -6.3881819957709397e-12 -0.50000604598569609 0.86602191310483012</rotation>
        <reference rotation="-30 -1.0000000000000001e-09 1.0000000000000001e-09" sabc="0.10000000000000001" enabled="true"/>
        <black_level>0 0 0</black_level>
        <sensitivity>1 1 1</sensitivity>
      </sensor>
      <sensor id="2" label="unknown" type="frame" master_id="0">
        <resolution width="1600" height="1600"/>
        <property name="fixed" value="true"/>
        <property name="layer_index" value="0"/>
        <bands>
          <band label="Red"/>
          <band label="Green"/>
          <band label="Blue"/>
        </bands>
        <data_type>uint8</data_type>
        <calibration type="frame" class="initial">
          <resolution width="1600" height="1600"/>
          <f>755.55556000000001</f>
        </calibration>
        <rotation>1 -1.7453292519943295e-11 -1.7453292519943295e-11 6.3880987725495763e-12 0.86602016774919766 -0.50000906896940533 2.3841707859244642e-11 0.50000906896940533 0.86602016774919766</rotation>
        <reference rotation="30 1.0000000000000001e-09 -1.0000000000000001e-09" sabc="0.10000000000000001" enabled="true"/>
        <black_level>0 0 0</black_level>
        <sensitivity>1 1 1</sensitivity>
      </sensor>
      <sensor id="3" label="unknown" type="frame" master_id="0">
        <resolution width="1600" height="1600"/>
        <property name="fixed" value="true"/>
        <property name="layer_index" value="0"/>
        <bands>
          <band label="Red"/>
          <band label="Green"/>
          <band label="Blue"/>
        </bands>
        <data_type>uint8</data_type>
        <calibration type="frame" class="initial">
          <resolution width="1600" height="1600"/>
          <f>755.55556000000001</f>
        </calibration>
        <rotation>0.80901699437494745 -1.4120010256431277e-11 0.58778525229247314 7.1945045727740908e-12 1 1.4120010256431277e-11 -0.58778525229247314 -7.1945045727740908e-12 0.80901699437494745</rotation>
        <reference rotation="-1.0000000000000001e-09 -36 -1.0000000000000001e-09" sabc="0.10000000000000001" enabled="true"/>
        <black_level>0 0 0</black_level>
        <sensitivity>1 1 1</sensitivity>
      </sensor>
      <sensor id="4" label="unknown" type="frame" master_id="0">
        <resolution width="1600" height="1600"/>
        <property name="fixed" value="true"/>
        <property name="layer_index" value="0"/>
        <bands>
          <band label="Red"/>
          <band label="Green"/>
          <band label="Blue"/>
        </bands>
        <data_type>uint8</data_type>
        <calibration type="frame" class="initial">
          <resolution width="1600" height="1600"/>
          <f>755.55556000000001</f>
        </calibration>
        <rotation>-0.80901699425172713 1.4120010255956319e-05 0.58778525229247314 7.1945045714363033e-06 0.99999999987443222 -1.4120010255956319e-05 -0.58778525241804092 -7.1945045714363033e-06 -0.80901699425172713</rotation>
        <location>0.0016815735845178558 -0.002587362402607621 -0.0091133641591967102</location>
        <reference rotation="179.999 -36 179.999" sabc="0.10000000000000001" enabled="true"/>
        <black_level>0 0 0</black_level>
        <sensitivity>1 1 1</sensitivity>
      </sensor>
      <sensor id="5" label="unknown" type="frame" master_id="0">
        <resolution width="1600" height="1600"/>
        <property name="fixed" value="true"/>
        <property name="layer_index" value="0"/>
        <bands>
          <band label="Red"/>
          <band label="Green"/>
          <band label="Blue"/>
        </bands>
        <data_type>uint8</data_type>
        <calibration type="frame" class="initial">
          <resolution width="1600" height="1600"/>
          <f>755.55556000000001</f>
        </calibration>
        <rotation>-0.99999999984769128 1.7453292519356215e-05 -1.7453292519943295e-11 1.7453292517002544e-05 0.99999999969538256 -1.7453292519356215e-05 -2.8716412725158887e-10 -1.7453292517002544e-05 -0.99999999984769128</rotation>
        <location>0.0015400348723170199 -0.0024766844652872205 -0.008990779308733465</location>
        <reference rotation="179.999 1.0000000000000001e-09 179.999" sabc="0.10000000000000001" enabled="true"/>
        <black_level>0 0 0</black_level>
        <sensitivity>1 1 1</sensitivity>
      </sensor>
      <sensor id="6" label="unknown" type="frame" master_id="0">
        <resolution width="1600" height="1600"/>
        <property name="fixed" value="true"/>
        <property name="layer_index" value="0"/>
        <bands>
          <band label="Red"/>
          <band label="Green"/>
          <band label="Blue"/>
        </bands>
        <data_type>uint8</data_type>
        <calibration type="frame" class="initial">
          <resolution width="1600" height="1600"/>
          <f>755.55556000000001</f>
        </calibration>
        <rotation>-0.99999999984769128 1.7453292519356215e-05 -1.7453292519943295e-11 1.5114985974797131e-05 0.86602540365253555 0.49999999999999994 8.7266613746728056e-06 0.49999999992384531 -0.86602540378443871</rotation>
        <location>0.0015154558601237569 -0.0025037968632555573 -0.0088901677022376925</location>
        <reference rotation="-150 1.0000000000000001e-09 179.999" sabc="0.10000000000000001" enabled="true"/>
        <black_level>0 0 0</black_level>
        <sensitivity>1 1 1</sensitivity>
      </sensor>
      <sensor id="7" label="unknown" type="frame" master_id="0">
        <resolution width="1600" height="1600"/>
        <property name="fixed" value="true"/>
        <property name="layer_index" value="0"/>
        <bands>
          <band label="Red"/>
          <band label="Green"/>
          <band label="Blue"/>
        </bands>
        <data_type>uint8</data_type>
        <calibration type="frame" class="initial">
          <resolution width="1600" height="1600"/>
          <f>755.55556000000001</f>
        </calibration>
        <rotation>-0.99999999984769128 -1.7453292519356215e-05 -1.7453292519943295e-11 -1.5114985974797131e-05 0.86602540365253555 -0.49999999999999994 8.7266613746728056e-06 -0.49999999992384531 -0.86602540378443871</rotation>
        <location>0.0015425475773918887 -0.002487764150421878 -0.0091081939841455399</location>
        <reference rotation="150 1.0000000000000001e-09 -179.999" sabc="0.10000000000000001" enabled="true"/>
        <black_level>0 0 0</black_level>
        <sensitivity>1 1 1</sensitivity>
      </sensor>
      <sensor id="8" label="unknown" type="frame" master_id="0">
        <resolution width="1600" height="1600"/>
        <property name="fixed" value="true"/>
        <property name="layer_index" value="0"/>
        <bands>
          <band label="Red"/>
          <band label="Green"/>
          <band label="Blue"/>
        </bands>
        <data_type>uint8</data_type>
        <calibration type="frame" class="initial">
          <resolution width="1600" height="1600"/>
          <f>755.55556000000001</f>
        </calibration>
        <rotation>-0.80901699425172713 1.4120010255956319e-05 -0.58778525229247314 7.1945045714363033e-06 0.99999999987443222 1.4120010255956319e-05 0.58778525241804092 7.1945045714363033e-06 -0.80901699425172713</rotation>
        <location>0.0015096652640664463 -0.0025136977484785479 -0.00912520386006389</location>
        <reference rotation="-179.999 36 179.999" sabc="0.10000000000000001" enabled="true"/>
        <black_level>0 0 0</black_level>
        <sensitivity>1 1 1</sensitivity>
      </sensor>
      <sensor id="9" label="unknown" type="frame" master_id="0">
        <resolution width="1600" height="1600"/>
        <property name="fixed" value="true"/>
        <property name="layer_index" value="0"/>
        <bands>
          <band label="Red"/>
          <band label="Green"/>
          <band label="Blue"/>
        </bands>
        <data_type>uint8</data_type>
        <calibration type="frame" class="initial">
          <resolution width="1600" height="1600"/>
          <f>755.55556000000001</f>
        </calibration>
        <rotation>0.80901699437494745 1.4120010256431277e-11 -0.58778525229247314 -7.1945045727740908e-12 1 1.4120010256431277e-11 0.58778525229247314 -7.1945045727740908e-12 0.80901699437494745</rotation>
        <reference rotation="-1.0000000000000001e-09 36 1.0000000000000001e-09" sabc="0.10000000000000001" enabled="true"/>
        <black_level>0 0 0</black_level>
        <sensitivity>1 1 1</sensitivity>
      </sensor>
    </sensors>
    <components next_id="1" active_id="0">
      <component id="0" label="Component 1">
        <transform>
          <scale locked="false">0.19341704876581711</scale>
        </transform>
        <region>
          <center>0.74194638387268996 1.9108809733194114 0.50745107873176021</center>
          <size>27.602923488137286 28.276112067485492 20.830073779066591</size>
          <R>-0.5798233693520628 -0.081294811045045337 0.81067626957397232 -0.76786733809737218 -0.2781058535705358 -0.57709348054978038 0.27236852137586842 -0.95710411549995666 0.098828642895512478</R>
        </region>
        <partition>
          <camera_ids>0 10 20 30 40 50 60 70 80 90 100 110 120 130 140 150 160 170 180 190 200 210 220 230 240 250 260 270 280 290 300 310 320 330 340 350 360 370 380 390 400 410 420 430 440 450 460 470 480 490 500 510 520 530 540 550 560 570 580 590 600 610 620 630 640 650 660 670 680 690 700 710 720 730 740 750 760 770 780 790 800 810 820 830 840 850 860 870 880 890 900 910 920 930 940 950 960 970 980 990 1000 1010 1020</camera_ids>
        </partition>
      </component>
    </components>
    <cameras next_id="1030" next_group_id="0">
      <camera id="0" sensor_id="0" component_id="0" label="out_0000008_A">
        <transform>0.82457832453076052 0.025688942310998424 -0.56516428138815178 -0.94728858621052237 0.013423727841828371 -0.99957571737344042 -0.025849347539137871 -0.069071571281774491 -0.56558853440011692 0.01372820018475859 -0.82457331164355241 0.0060313792736760123 0 0 0 1</transform>
      </camera>
      <camera id="1" sensor_id="1" component_id="0" master_id="0" label="out_0000008_A_D"/>
      <camera id="2" sensor_id="2" component_id="0" master_id="0" label="out_0000008_A_U"/>
      <camera id="3" sensor_id="3" component_id="0" master_id="0" label="out_0000008_B"/>
      <camera id="4" sensor_id="4" component_id="0" master_id="0" label="out_0000008_E"/>
      <camera id="5" sensor_id="5" component_id="0" master_id="0" label="out_0000008_F"/>
      <camera id="6" sensor_id="6" component_id="0" master_id="0" label="out_0000008_F_D"/>
      <camera id="7" sensor_id="7" component_id="0" master_id="0" label="out_0000008_F_U"/>
      <camera id="8" sensor_id="8" component_id="0" master_id="0" label="out_0000008_G"/>
      <camera id="9" sensor_id="9" component_id="0" master_id="0" label="out_0000008_J"/>
      <camera id="10" sensor_id="0" component_id="0" label="out_0000013_A">
        <transform>0.7501022376393629 -0.0071706002728581086 -0.66128300717631383 -1.173968148311709 -0.025250602214061602 -0.99952260178659835 -0.017803808737929902 -0.016785201767879634 -0.66083964785434091 0.030052470937951985 -0.74992520214637037 -0.3336535609120404 0 0 0 1</transform>
        <rotation_covariance>4.1803042233467702e-10 -2.0221278056899383e-11 -7.2201783809773626e-11 -2.022127805689938e-11 3.6314493070137941e-10 -4.2187493514157677e-11 -7.2201783809773626e-11 -4.2187493514157683e-11 3.5763505673240831e-10</rotation_covariance>
        <location_covariance>2.2090835066807615e-08 -5.7183330239452225e-09 2.405489980465216e-08 -5.7183330239452225e-09 4.7342508817798152e-09 -6.1219919425329497e-09 2.405489980465216e-08 -6.1219919425329497e-09 3.8454050185484867e-08</location_covariance>
      </camera>
      <camera id="11" sensor_id="1" component_id="0" master_id="10" label="out_0000013_A_D"/>
      <camera id="12" sensor_id="2" component_id="0" master_id="10" label="out_0000013_A_U"/>
      <camera id="13" sensor_id="3" component_id="0" master_id="10" label="out_0000013_B"/>
      <camera id="14" sensor_id="4" component_id="0" master_id="10" label="out_0000013_E"/>
      <camera id="15" sensor_id="5" component_id="0" master_id="10" label="out_0000013_F"/>
      <camera id="16" sensor_id="6" component_id="0" master_id="10" label="out_0000013_F_D"/>
      <camera id="17" sensor_id="7" component_id="0" master_id="10" label="out_0000013_F_U"/>
      <camera id="18" sensor_id="8" component_id="0" master_id="10" label="out_0000013_G"/>
      <camera id="19" sensor_id="9" component_id="0" master_id="10" label="out_0000013_J"/>
      <camera id="20" sensor_id="0" component_id="0" label="out_0000016_A">
        <transform>0.96045661224664913 0.033235716427961012 -0.27643893203601055 -1.3003939594787208 0.042897650525421265 -0.9986591837858505 0.028976304449974677 -0.023101628492327671 -0.27510522999588494 -0.039689063905551547 -0.96059455059625032 -0.49380568981889561 0 0 0 1</transform>
        <rotation_covariance>6.589911289804214e-10 -4.0298089568964922e-11 1.4368965359913012e-10 -4.0298089568964922e-11 7.6356767150327197e-10 -1.08404764390562e-10 1.4368965359913017e-10 -1.0840476439056198e-10 6.1201643875708326e-10</rotation_covariance>
        <location_covariance>4.9107704168840358e-08 -6.7523551998419288e-09 4.9224202629820595e-08 -6.7523551998419288e-09 8.9552503646257603e-09 -6.385595438394403e-09 4.9224202629820595e-08 -6.385595438394403e-09 7.5503830768069218e-08</location_covariance>
      </camera>
      <camera id="21" sensor_id="1" component_id="0" master_id="20" label="out_0000016_A_D"/>
      <camera id="22" sensor_id="2" component_id="0" master_id="20" label="out_0000016_A_U"/>
      <camera id="23" sensor_id="3" component_id="0" master_id="20" label="out_0000016_B"/>
      <camera id="24" sensor_id="4" component_id="0" master_id="20" label="out_0000016_E"/>
      <camera id="25" sensor_id="5" component_id="0" master_id="20" label="out_0000016_F"/>
      <camera id="26" sensor_id="6" component_id="0" master_id="20" label="out_0000016_F_D"/>
      <camera id="27" sensor_id="7" component_id="0" master_id="20" label="out_0000016_F_U"/>
      <camera id="28" sensor_id="8" component_id="0" master_id="20" label="out_0000016_G"/>
      <camera id="29" sensor_id="9" component_id="0" master_id="20" label="out_0000016_J"/>
      <camera id="30" sensor_id="0" component_id="0" label="out_0000020_A">
        <transform>0.88708268648115673 0.11235979493732584 0.44772713099276956 -1.0426493656075093 0.11078107695024411 -0.99339771380101938 0.029808307644881682 -0.052320059272703945 0.44812036366931446 0.023157260126143775 -0.89367325179191281 -0.72840181962796868 0 0 0 1</transform>
        <rotation_covariance>7.1421646187532297e-10 -3.4951882535774557e-11 3.3695951732946432e-11 -3.4951882535774583e-11 1.0543471223779759e-09 -5.8511610041249971e-11 3.3695951732946432e-11 -5.8511610041249971e-11 1.0627527175270033e-09</rotation_covariance>
        <location_covariance>2.7319143217824714e-08 -4.570751903865259e-09 2.0929407558712933e-08 -4.570751903865259e-09 1.2334082571346465e-08 -5.5426285381220366e-09 2.0929407558712933e-08 -5.5426285381220366e-09 1.553966857526132e-07</location_covariance>
      </camera>
      <camera id="31" sensor_id="1" component_id="0" master_id="30" label="out_0000020_A_D"/>
      <camera id="32" sensor_id="2" component_id="0" master_id="30" label="out_0000020_A_U"/>
      <camera id="33" sensor_id="3" component_id="0" master_id="30" label="out_0000020_B"/>
      <camera id="34" sensor_id="4" component_id="0" master_id="30" label="out_0000020_E"/>
      <camera id="35" sensor_id="5" component_id="0" master_id="30" label="out_0000020_F"/>
      <camera id="36" sensor_id="6" component_id="0" master_id="30" label="out_0000020_F_D"/>
      <camera id="37" sensor_id="7" component_id="0" master_id="30" label="out_0000020_F_U"/>
      <camera id="38" sensor_id="8" component_id="0" master_id="30" label="out_0000020_G"/>
      <camera id="39" sensor_id="9" component_id="0" master_id="30" label="out_0000020_J"/>
      <camera id="40" sensor_id="0" component_id="0" label="out_0000026_A">
        <transform>-0.43433927343358292 0.11659379855758263 0.89317147384536466 -0.61207754132315861 0.065496024802141395 -0.98487432225206217 0.16041458818841367 -0.040996189589246834 0.89836499613926668 0.12817353668544418 0.42013316722824978 -0.72777913817044482 0 0 0 1</transform>
        <rotation_covariance>1.0198797401414507e-09 7.4386269090240247e-11 -7.3556997201717654e-11 7.4386269090240247e-11 1.0331608251045586e-09 -1.2080934834090717e-10 -7.3556997201717654e-11 -1.2080934834090717e-10 1.4647750485159442e-09</rotation_covariance>
        <location_covariance>5.0068606761062667e-08 -1.863401833476505e-09 -5.7183603614128527e-08 -1.863401833476505e-09 9.3671112247277681e-09 -3.6625461841092276e-09 -5.7183603614128527e-08 -3.6625461841092276e-09 1.5887112074147626e-07</location_covariance>
      </camera>
      <camera id="41" sensor_id="1" component_id="0" master_id="40" label="out_0000026_A_D"/>
      <camera id="42" sensor_id="2" component_id="0" master_id="40" label="out_0000026_A_U"/>
      <camera id="43" sensor_id="3" component_id="0" master_id="40" label="out_0000026_B"/>
      <camera id="44" sensor_id="4" component_id="0" master_id="40" label="out_0000026_E"/>
      <camera id="45" sensor_id="5" component_id="0" master_id="40" label="out_0000026_F"/>
      <camera id="46" sensor_id="6" component_id="0" master_id="40" label="out_0000026_F_D"/>
      <camera id="47" sensor_id="7" component_id="0" master_id="40" label="out_0000026_F_U"/>
      <camera id="48" sensor_id="8" component_id="0" master_id="40" label="out_0000026_G"/>
      <camera id="49" sensor_id="9" component_id="0" master_id="40" label="out_0000026_J"/>
      <camera id="50" sensor_id="0" component_id="0" label="out_0000029_A">
        <transform>-0.79715452708010892 0.087908389467357101 0.5973414224854523 -0.52566892990780256 0.025350046282748465 -0.98359840709228574 0.17858205038295613 0.00040845150932186604 0.60324293208387525 0.15750012262463078 0.78185144130075968 -0.42977058991014672 0 0 0 1</transform>
        <rotation_covariance>8.5518199800521761e-10 2.793181862645291e-11 1.710061185164344e-11 2.7931818626452923e-11 6.3350126870078226e-10 7.0819552734618011e-12 1.7100611851643389e-11 7.0819552734618011e-12 8.4527311550839331e-10</rotation_covariance>
        <location_covariance>5.8527214073580396e-08 5.500860279689409e-09 -4.5529005836982367e-08 5.500860279689409e-09 7.3993303151604596e-09 -7.0467678469397847e-09 -4.5529005836982367e-08 -7.0467678469397847e-09 5.9466661325019075e-08</location_covariance>
      </camera>
      <camera id="51" sensor_id="1" component_id="0" master_id="50" label="out_0000029_A_D"/>
      <camera id="52" sensor_id="2" component_id="0" master_id="50" label="out_0000029_A_U"/>
      <camera id="53" sensor_id="3" component_id="0" master_id="50" label="out_0000029_B"/>
      <camera id="54" sensor_id="4" component_id="0" master_id="50" label="out_0000029_E"/>
      <camera id="55" sensor_id="5" component_id="0" master_id="50" label="out_0000029_F"/>
      <camera id="56" sensor_id="6" component_id="0" master_id="50" label="out_0000029_F_D"/>
      <camera id="57" sensor_id="7" component_id="0" master_id="50" label="out_0000029_F_U"/>
      <camera id="58" sensor_id="8" component_id="0" master_id="50" label="out_0000029_G"/>
      <camera id="59" sensor_id="9" component_id="0" master_id="50" label="out_0000029_J"/>
      <camera id="60" sensor_id="0" component_id="0" label="out_0000037_A">
        <transform>-0.96519541430076305 0.089473614393855483 0.24574841716698281 -0.28454721525809945 -0.046099856966441415 -0.98315026505140635 0.17689081241552129 0.087401741602972219 0.25743468181356488 0.15940523409427032 0.95305684822202474 0.57345516008390229 0 0 0 1</transform>
        <rotation_covariance>8.6476653852699192e-10 1.0756458112463367e-11 1.3218486699317747e-10 1.0756458112463351e-11 5.3138905357245965e-10 3.0577072270550954e-12 1.3218486699317747e-10 3.0577072270550825e-12 6.0111649213596301e-10</rotation_covariance>
        <location_covariance>1.2565124793873526e-07 2.2841047617573807e-08 9.7312401273496407e-08 2.2841047617573807e-08 1.3738815268102457e-08 2.0583990974310806e-08 9.7312401273496407e-08 2.0583990974310806e-08 9.6766684692800054e-08</location_covariance>
      </camera>
      <camera id="61" sensor_id="1" component_id="0" master_id="60" label="out_0000037_A_D"/>
      <camera id="62" sensor_id="2" component_id="0" master_id="60" label="out_0000037_A_U"/>
      <camera id="63" sensor_id="3" component_id="0" master_id="60" label="out_0000037_B"/>
      <camera id="64" sensor_id="4" component_id="0" master_id="60" label="out_0000037_E"/>
      <camera id="65" sensor_id="5" component_id="0" master_id="60" label="out_0000037_F"/>
      <camera id="66" sensor_id="6" component_id="0" master_id="60" label="out_0000037_F_D"/>
      <camera id="67" sensor_id="7" component_id="0" master_id="60" label="out_0000037_F_U"/>
      <camera id="68" sensor_id="8" component_id="0" master_id="60" label="out_0000037_G"/>
      <camera id="69" sensor_id="9" component_id="0" master_id="60" label="out_0000037_J"/>
      <camera id="70" sensor_id="0" component_id="0" label="out_0000040_A">
        <transform>-0.97904650927598902 0.073527782148938375 0.18989891502259684 -0.26914903986604427 -0.03810934356366627 -0.98221861031797575 0.18383220468180267 0.15119632662464053 0.20003902271218896 0.17274335529126417 0.96443979728911478 1.0017207943409157 0 0 0 1</transform>
        <rotation_covariance>8.4289947751678314e-10 6.4273690801378108e-12 1.3106889214472396e-10 6.427369080137814e-12 5.0794612994159641e-10 3.457685776096505e-12 1.3106889214472398e-10 3.4576857760965179e-12 5.6428268414317148e-10</rotation_covariance>
        <location_covariance>1.3120866764279629e-07 3.3390592336262697e-08 1.7054278898582765e-07 3.3390592336262697e-08 2.0068099137981382e-08 5.2897900037909055e-08 1.7054278898582765e-07 5.2897900037909055e-08 2.6365960813569317e-07</location_covariance>
      </camera>
      <camera id="71" sensor_id="1" component_id="0" master_id="70" label="out_0000040_A_D"/>
      <camera id="72" sensor_id="2" component_id="0" master_id="70" label="out_0000040_A_U"/>
      <camera id="73" sensor_id="3" component_id="0" master_id="70" label="out_0000040_B"/>
      <camera id="74" sensor_id="4" component_id="0" master_id="70" label="out_0000040_E"/>
      <camera id="75" sensor_id="5" component_id="0" master_id="70" label="out_0000040_F"/>
      <camera id="76" sensor_id="6" component_id="0" master_id="70" label="out_0000040_F_D"/>
      <camera id="77" sensor_id="7" component_id="0" master_id="70" label="out_0000040_F_U"/>
      <camera id="78" sensor_id="8" component_id="0" master_id="70" label="out_0000040_G"/>
      <camera id="79" sensor_id="9" component_id="0" master_id="70" label="out_0000040_J"/>
      <camera id="80" sensor_id="0" component_id="0" label="out_0000048_A">
        <transform>-0.92622653765532892 0.11839070525745443 0.35789389747754025 -0.054788804616249263 -0.061213469370312412 -0.98403815849378773 0.16709821601622646 0.25828928072966667 0.37196412745138652 0.13286287493802854 0.91868936227243336 2.2389338242131185 0 0 0 1</transform>
        <rotation_covariance>1.0003171995566164e-09 -2.4484418607886767e-11 4.908679863739928e-11 -2.448441860788676e-11 7.0364288037981142e-10 7.8048629527752871e-12 4.9086798637399332e-11 7.8048629527752742e-12 6.018398173395456e-10</rotation_covariance>
        <location_covariance>2.2147754473490398e-07 6.6643266664168178e-08 4.9256276012039585e-07 6.6643266664168178e-08 3.7205984371852305e-08 1.7648217367679213e-07 4.9256276012039585e-07 1.7648217367679213e-07 1.248082743941422e-06</location_covariance>
      </camera>
      <camera id="81" sensor_id="1" component_id="0" master_id="80" label="out_0000048_A_D"/>
      <camera id="82" sensor_id="2" component_id="0" master_id="80" label="out_0000048_A_U"/>
      <camera id="83" sensor_id="3" component_id="0" master_id="80" label="out_0000048_B"/>
      <camera id="84" sensor_id="4" component_id="0" master_id="80" label="out_0000048_E"/>
      <camera id="85" sensor_id="5" component_id="0" master_id="80" label="out_0000048_F"/>
      <camera id="86" sensor_id="6" component_id="0" master_id="80" label="out_0000048_F_D"/>
      <camera id="87" sensor_id="7" component_id="0" master_id="80" label="out_0000048_F_U"/>
      <camera id="88" sensor_id="8" component_id="0" master_id="80" label="out_0000048_G"/>
      <camera id="89" sensor_id="9" component_id="0" master_id="80" label="out_0000048_J"/>
      <camera id="90" sensor_id="0" component_id="0" label="out_0000051_A">
        <transform>-0.87136772777169125 0.17196718425776159 0.45950578944824755 0.17306022571383775 -0.0862396675657012 -0.97566422830366606 0.20159869381216028 0.29049936882842592 0.48299172118801109 0.13603896922231101 0.864992714487685 2.6113887677471448 0 0 0 1</transform>
        <rotation_covariance>1.1187265812772847e-09 -4.3848428343046631e-11 -1.2940972892714179e-11 -4.3848428343046631e-11 7.7469158883268995e-10 -4.0147334938792025e-12 -1.2940972892714231e-11 -4.0147334938791767e-12 7.0435186773363918e-10</rotation_covariance>
        <location_covariance>3.3390143182084078e-07 9.3351404467671728e-08 7.1828946041581859e-07 9.3351404467671728e-08 4.3993839923422496e-08 2.2494050772762257e-07 7.1828946041581859e-07 2.2494050772762257e-07 1.693333416462826e-06</location_covariance>
      </camera>
      <camera id="91" sensor_id="1" component_id="0" master_id="90" label="out_0000051_A_D"/>
      <camera id="92" sensor_id="2" component_id="0" master_id="90" label="out_0000051_A_U"/>
      <camera id="93" sensor_id="3" component_id="0" master_id="90" label="out_0000051_B"/>
      <camera id="94" sensor_id="4" component_id="0" master_id="90" label="out_0000051_E"/>
      <camera id="95" sensor_id="5" component_id="0" master_id="90" label="out_0000051_F"/>
      <camera id="96" sensor_id="6" component_id="0" master_id="90" label="out_0000051_F_D"/>
      <camera id="97" sensor_id="7" component_id="0" master_id="90" label="out_0000051_F_U"/>
      <camera id="98" sensor_id="8" component_id="0" master_id="90" label="out_0000051_G"/>
      <camera id="99" sensor_id="9" component_id="0" master_id="90" label="out_0000051_J"/>
      <camera id="100" sensor_id="0" component_id="0" label="out_0000056_A">
        <transform>-0.35469728959299235 0.19732782709328056 0.91392098203839756 0.50734418652933377 0.039955594194025584 -0.97338328548856856 0.22567350315019952 0.37088439616388974 0.93412707018263152 0.11656203578406307 0.33737206251538915 2.9847763507442342 0 0 0 1</transform>
        <rotation_covariance>1.1195919302944111e-09 -5.7278632999279371e-11 -2.6997543509088421e-10 -5.7278632999279423e-11 1.075259815559982e-09 1.0433479942620383e-10 -2.69975435090884e-10 1.0433479942620378e-10 1.0656288057597858e-09</rotation_covariance>
        <location_covariance>5.4977249348586304e-07 1.5000777070215274e-07 1.064126393880195e-06 1.5000777070215274e-07 6.7158329701096794e-08 3.1928372430131799e-07 1.064126393880195e-06 3.1928372430131799e-07 2.2175679357369288e-06</location_covariance>
      </camera>
      <camera id="101" sensor_id="1" component_id="0" master_id="100" label="out_0000056_A_D"/>
      <camera id="102" sensor_id="2" component_id="0" master_id="100" label="out_0000056_A_U"/>
      <camera id="103" sensor_id="3" component_id="0" master_id="100" label="out_0000056_B"/>
      <camera id="104" sensor_id="4" component_id="0" master_id="100" label="out_0000056_E"/>
      <camera id="105" sensor_id="5" component_id="0" master_id="100" label="out_0000056_F"/>
      <camera id="106" sensor_id="6" component_id="0" master_id="100" label="out_0000056_F_D"/>
      <camera id="107" sensor_id="7" component_id="0" master_id="100" label="out_0000056_F_U"/>
      <camera id="108" sensor_id="8" component_id="0" master_id="100" label="out_0000056_G"/>
      <camera id="109" sensor_id="9" component_id="0" master_id="100" label="out_0000056_J"/>
      <camera id="110" sensor_id="0" component_id="0" label="out_0000060_A">
        <transform>0.35478721693405402 0.17708669192312462 0.91802305757748393 0.75679128172446286 0.029728682282657633 -0.98353867704470321 0.17823545159953885 0.36847392248194838 0.9344743100534787 -0.035944044025109728 -0.35421150397636147 2.9379498108783451 0 0 0 1</transform>
        <rotation_covariance>8.6408969589560494e-10 -2.2579120648768673e-11 -5.7563487345983965e-11 -2.2579120648768647e-11 1.1759464770994038e-09 6.3968727358077668e-11 -5.756348734598381e-11 6.3968727358077668e-11 1.4127534405037889e-09</rotation_covariance>
        <location_covariance>7.5753812346179777e-07 1.7305407421905094e-07 1.2235442399363412e-06 1.7305407421905094e-07 7.0099533294903718e-08 3.1098734042224285e-07 1.2235442399363412e-06 3.1098734042224285e-07 2.1576443032010181e-06</location_covariance>
      </camera>
      <camera id="111" sensor_id="1" component_id="0" master_id="110" label="out_0000060_A_D"/>
      <camera id="112" sensor_id="2" component_id="0" master_id="110" label="out_0000060_A_U"/>
      <camera id="113" sensor_id="3" component_id="0" master_id="110" label="out_0000060_B"/>
      <camera id="114" sensor_id="4" component_id="0" master_id="110" label="out_0000060_E"/>
      <camera id="115" sensor_id="5" component_id="0" master_id="110" label="out_0000060_F"/>
      <camera id="116" sensor_id="6" component_id="0" master_id="110" label="out_0000060_F_D"/>
      <camera id="117" sensor_id="7" component_id="0" master_id="110" label="out_0000060_F_U"/>
      <camera id="118" sensor_id="8" component_id="0" master_id="110" label="out_0000060_G"/>
      <camera id="119" sensor_id="9" component_id="0" master_id="110" label="out_0000060_J"/>
      <camera id="120" sensor_id="0" component_id="0" label="out_0000066_A">
        <transform>0.99915697078651378 -0.039562056767897813 0.01096318352539799 0.8358457394852008 -0.040202367782530141 -0.99700017441154964 0.066139412214034798 0.33739138596689466 0.0083136847063205871 -0.066524400693530855 -0.99775016249508586 2.4782039232162196 0 0 0 1</transform>
        <rotation_covariance>8.1472144039496598e-10 1.1608865459283633e-10 1.6639194644782383e-10 1.1608865459283629e-10 9.2474962659496244e-10 1.5695212939560837e-11 1.6639194644782383e-10 1.569521293956085e-11 8.4323556624680899e-10</rotation_covariance>
        <location_covariance>7.9861673641968535e-07 1.7111780947864149e-07 1.0861386573463223e-06 1.7111780947864149e-07 5.5198552256554838e-08 2.4384480425236352e-07 1.0861386573463223e-06 2.4384480425236352e-07 1.5239605118413982e-06</location_covariance>
      </camera>
      <camera id="121" sensor_id="1" component_id="0" master_id="120" label="out_0000066_A_D"/>
      <camera id="122" sensor_id="2" component_id="0" master_id="120" label="out_0000066_A_U"/>
      <camera id="123" sensor_id="3" component_id="0" master_id="120" label="out_0000066_B"/>
      <camera id="124" sensor_id="4" component_id="0" master_id="120" label="out_0000066_E"/>
      <camera id="125" sensor_id="5" component_id="0" master_id="120" label="out_0000066_F"/>
      <camera id="126" sensor_id="6" component_id="0" master_id="120" label="out_0000066_F_D"/>
      <camera id="127" sensor_id="7" component_id="0" master_id="120" label="out_0000066_F_U"/>
      <camera id="128" sensor_id="8" component_id="0" master_id="120" label="out_0000066_G"/>
      <camera id="129" sensor_id="9" component_id="0" master_id="120" label="out_0000066_J"/>
      <camera id="130" sensor_id="0" component_id="0" label="out_0000069_A">
        <transform>0.98375461389178875 -0.0404601747667762 -0.17489949658149551 0.61980396706108909 -0.034952783462830463 -0.99879479499305712 0.034456645556080023 0.27517407859210485 -0.17608282873357958 -0.0277836598132567 -0.98398318363301407 2.1634827644631569 0 0 0 1</transform>
        <rotation_covariance>7.341749910235428e-10 5.7431845215108869e-11 1.3332125472490061e-10 5.7431845215108862e-11 7.0474872396125097e-10 -2.4245366711853502e-11 1.3332125472490066e-10 -2.4245366711853502e-11 6.2343680961959217e-10</rotation_covariance>
        <location_covariance>6.1795472808855237e-07 1.2638094030814587e-07 8.3230712984811353e-07 1.2638094030814587e-07 4.0800201664248957e-08 1.7953820109283218e-07 8.3230712984811353e-07 1.7953820109283218e-07 1.1578711640513761e-06</location_covariance>
      </camera>
      <camera id="131" sensor_id="1" component_id="0" master_id="130" label="out_0000069_A_D"/>
      <camera id="132" sensor_id="2" component_id="0" master_id="130" label="out_0000069_A_U"/>
      <camera id="133" sensor_id="3" component_id="0" master_id="130" label="out_0000069_B"/>
      <camera id="134" sensor_id="4" component_id="0" master_id="130" label="out_0000069_E"/>
      <camera id="135" sensor_id="5" component_id="0" master_id="130" label="out_0000069_F"/>
      <camera id="136" sensor_id="6" component_id="0" master_id="130" label="out_0000069_F_D"/>
      <camera id="137" sensor_id="7" component_id="0" master_id="130" label="out_0000069_F_U"/>
      <camera id="138" sensor_id="8" component_id="0" master_id="130" label="out_0000069_G"/>
      <camera id="139" sensor_id="9" component_id="0" master_id="130" label="out_0000069_J"/>
      <camera id="140" sensor_id="0" component_id="0" label="out_0000071_A">
        <transform>0.98449023678249481 -0.076542236117574922 -0.15786152086582161 0.50507176311262347 -0.072472163258840289 -0.99687640028458224 0.031388343508973238 0.2538550885646691 -0.1597709586643731 -0.019460951820882755 -0.98696226479115845 1.9496025103714532 0 0 0 1</transform>
        <rotation_covariance>7.1512690030852279e-10 3.877162079595745e-11 1.3126596012646948e-10 3.877162079595745e-11 6.4050091235717185e-10 -2.7173032979170818e-11 1.312659601264694e-10 -2.7173032979170824e-11 6.0225645990815234e-10</rotation_covariance>
        <location_covariance>5.3262355158069316e-07 1.0929499080451452e-07 6.9565770421968589e-07 1.0929499080451452e-07 3.6345783446752163e-08 1.5163629146168218e-07 6.9565770421968589e-07 1.5163629146168218e-07 9.4202442083696067e-07</location_covariance>
      </camera>
      <camera id="141" sensor_id="1" component_id="0" master_id="140" label="out_0000071_A_D"/>
      <camera id="142" sensor_id="2" component_id="0" master_id="140" label="out_0000071_A_U"/>
      <camera id="143" sensor_id="3" component_id="0" master_id="140" label="out_0000071_B"/>
      <camera id="144" sensor_id="4" component_id="0" master_id="140" label="out_0000071_E"/>
      <camera id="145" sensor_id="5" component_id="0" master_id="140" label="out_0000071_F"/>
      <camera id="146" sensor_id="6" component_id="0" master_id="140" label="out_0000071_F_D"/>
      <camera id="147" sensor_id="7" component_id="0" master_id="140" label="out_0000071_F_U"/>
      <camera id="148" sensor_id="8" component_id="0" master_id="140" label="out_0000071_G"/>
      <camera id="149" sensor_id="9" component_id="0" master_id="140" label="out_0000071_J"/>
      <camera id="150" sensor_id="0" component_id="0" label="out_0000077_A">
        <transform>0.99738993310555824 -0.02271111124811484 -0.068538505714422243 0.21938190890511139 -0.021384823669048841 -0.99957078963765011 0.020023132117849285 0.13224454392827517 -0.068963835858613765 -0.0185051865443428 -0.99744751612033467 1.1642492396006807 0 0 0 1</transform>
        <rotation_covariance>6.6448829647498877e-10 2.4035020854880148e-11 1.5124576571684912e-10 2.4035020854880154e-11 5.9700824205461428e-10 -5.4752927879579606e-12 1.5124576571684912e-10 -5.4752927879579614e-12 6.3687474704514568e-10</rotation_covariance>
        <location_covariance>3.4908892167122969e-07 5.3854294085274851e-08 3.3764784041781378e-07 5.3854294085274851e-08 1.8669898769240249e-08 5.6426554164190001e-08 3.3764784041781378e-07 5.6426554164190001e-08 3.4641097625789457e-07</location_covariance>
      </camera>
      <camera id="151" sensor_id="1" component_id="0" master_id="150" label="out_0000077_A_D"/>
      <camera id="152" sensor_id="2" component_id="0" master_id="150" label="out_0000077_A_U"/>
      <camera id="153" sensor_id="3" component_id="0" master_id="150" label="out_0000077_B"/>
      <camera id="154" sensor_id="4" component_id="0" master_id="150" label="out_0000077_E"/>
      <camera id="155" sensor_id="5" component_id="0" master_id="150" label="out_0000077_F"/>
      <camera id="156" sensor_id="6" component_id="0" master_id="150" label="out_0000077_F_D"/>
      <camera id="157" sensor_id="7" component_id="0" master_id="150" label="out_0000077_F_U"/>
      <camera id="158" sensor_id="8" component_id="0" master_id="150" label="out_0000077_G"/>
      <camera id="159" sensor_id="9" component_id="0" master_id="150" label="out_0000077_J"/>
      <camera id="160" sensor_id="0" component_id="0" label="out_0000080_A">
        <transform>0.9984910629439292 -0.028812181984234485 0.046748854428843932 0.11507742190162749 -0.028871885807724266 -0.99958293878353643 0.00060224810056158651 0.097540018427751354 0.046712005212874511 -0.0019510669327970631 -0.99890649307471036 0.73051714383189148 0 0 0 1</transform>
        <rotation_covariance>6.1355911890533803e-10 5.3472623913226905e-12 1.0445809746210009e-10 5.3472623913226954e-12 5.7316791984489219e-10 -2.7820568998708367e-11 1.0445809746210008e-10 -2.782056899870837e-11 6.6391058298792458e-10</rotation_covariance>
        <location_covariance>2.9180733186394917e-07 3.9937745470931814e-08 1.9405977241168162e-07 3.9937745470931814e-08 1.4594488188560671e-08 2.8637864614889266e-08 1.9405977241168162e-07 2.8637864614889266e-08 1.4456996502073029e-07</location_covariance>
      </camera>
      <camera id="161" sensor_id="1" component_id="0" master_id="160" label="out_0000080_A_D"/>
      <camera id="162" sensor_id="2" component_id="0" master_id="160" label="out_0000080_A_U"/>
      <camera id="163" sensor_id="3" component_id="0" master_id="160" label="out_0000080_B"/>
      <camera id="164" sensor_id="4" component_id="0" master_id="160" label="out_0000080_E"/>
      <camera id="165" sensor_id="5" component_id="0" master_id="160" label="out_0000080_F"/>
      <camera id="166" sensor_id="6" component_id="0" master_id="160" label="out_0000080_F_D"/>
      <camera id="167" sensor_id="7" component_id="0" master_id="160" label="out_0000080_F_U"/>
